{
 "cells": [
  {
   "cell_type": "code",
   "execution_count": 4,
   "metadata": {
    "collapsed": false
   },
   "outputs": [
    {
     "name": "stderr",
     "output_type": "stream",
     "text": [
      "/Library/Frameworks/Python.framework/Versions/3.6/lib/python3.6/site-packages/nltk/twitter/__init__.py:20: UserWarning: The twython library has not been installed. Some functionality from the twitter package will not be available.\n",
      "  warnings.warn(\"The twython library has not been installed. \"\n"
     ]
    }
   ],
   "source": [
    "import nltk\n",
    "import pandas as pd\n",
    "from pandas import ExcelWriter\n",
    "from pandas import ExcelFile\n",
    "import numpy as np\n",
    "import re\n",
    "import xlsxwriter\n",
    "from nltk.sentiment.vader import SentimentIntensityAnalyzer as SIA"
   ]
  },
  {
   "cell_type": "code",
   "execution_count": 5,
   "metadata": {
    "collapsed": false
   },
   "outputs": [],
   "source": [
    "import pymysql\n",
    "from sqlalchemy import create_engine"
   ]
  },
  {
   "cell_type": "code",
   "execution_count": 6,
   "metadata": {
    "collapsed": false
   },
   "outputs": [],
   "source": [
    "engine = create_engine('mysql+pymysql://fakenews_db:coins1234@fakenews.cvj9c86ao2su.eu-central-1.rds.amazonaws.com:3306/fakenews')\n",
    "before_data = pd.read_sql_query('SELECT date,heading,content FROM news_article WHERE date<\\'2013-08-15 00:00:00\\'', engine)"
   ]
  },
  {
   "cell_type": "markdown",
   "metadata": {},
   "source": [
    "##\n",
    "conn = pymysql.connect(host='fakenews.cvj9c86ao2su.eu-central-1.rds.amazonaws.com', unix_socket='/tmp/mysql.sock',\n",
    "                       user='fakenews_db', passwd='coins1234', db='fakenews')\n",
    "cur = conn.cursor()\n",
    "cur.execute(\"SELECT * FROM news_article\")\n",
    "for response in cur:\n",
    "    print(response)\n",
    "cur.close()\n",
    "conn.close()"
   ]
  },
  {
   "cell_type": "code",
   "execution_count": 7,
   "metadata": {
    "collapsed": false
   },
   "outputs": [
    {
     "data": {
      "text/html": [
       "<div>\n",
       "<style>\n",
       "    .dataframe thead tr:only-child th {\n",
       "        text-align: right;\n",
       "    }\n",
       "\n",
       "    .dataframe thead th {\n",
       "        text-align: left;\n",
       "    }\n",
       "\n",
       "    .dataframe tbody tr th {\n",
       "        vertical-align: top;\n",
       "    }\n",
       "</style>\n",
       "<table border=\"1\" class=\"dataframe\">\n",
       "  <thead>\n",
       "    <tr style=\"text-align: right;\">\n",
       "      <th></th>\n",
       "      <th>date</th>\n",
       "      <th>heading</th>\n",
       "      <th>content</th>\n",
       "    </tr>\n",
       "  </thead>\n",
       "  <tbody>\n",
       "    <tr>\n",
       "      <th>0</th>\n",
       "      <td>2013-08-14</td>\n",
       "      <td>Terms and Conditions May Apply movie review</td>\n",
       "      <td>What can one little movie do to stop the erosi...</td>\n",
       "    </tr>\n",
       "    <tr>\n",
       "      <th>1</th>\n",
       "      <td>2013-08-08</td>\n",
       "      <td>Style Conversational Week 1033: Fa-ha-ha with ...</td>\n",
       "      <td>Its been a pretty exciting week here at The P...</td>\n",
       "    </tr>\n",
       "    <tr>\n",
       "      <th>2</th>\n",
       "      <td>2013-08-10</td>\n",
       "      <td>Midas touch cant save Brazilian billionaires...</td>\n",
       "      <td>RIO DE JANEIRO  It was 2008, Brazils econom...</td>\n",
       "    </tr>\n",
       "  </tbody>\n",
       "</table>\n",
       "</div>"
      ],
      "text/plain": [
       "        date                                            heading  \\\n",
       "0 2013-08-14      Terms and Conditions May Apply movie review   \n",
       "1 2013-08-08  Style Conversational Week 1033: Fa-ha-ha with ...   \n",
       "2 2013-08-10  Midas touch cant save Brazilian billionaires...   \n",
       "\n",
       "                                             content  \n",
       "0  What can one little movie do to stop the erosi...  \n",
       "1  Its been a pretty exciting week here at The P...  \n",
       "2   RIO DE JANEIRO  It was 2008, Brazils econom...  "
      ]
     },
     "execution_count": 7,
     "metadata": {},
     "output_type": "execute_result"
    }
   ],
   "source": [
    "before_data.head(3)"
   ]
  },
  {
   "cell_type": "code",
   "execution_count": 8,
   "metadata": {
    "collapsed": false
   },
   "outputs": [
    {
     "data": {
      "text/html": [
       "<div>\n",
       "<style>\n",
       "    .dataframe thead tr:only-child th {\n",
       "        text-align: right;\n",
       "    }\n",
       "\n",
       "    .dataframe thead th {\n",
       "        text-align: left;\n",
       "    }\n",
       "\n",
       "    .dataframe tbody tr th {\n",
       "        vertical-align: top;\n",
       "    }\n",
       "</style>\n",
       "<table border=\"1\" class=\"dataframe\">\n",
       "  <thead>\n",
       "    <tr style=\"text-align: right;\">\n",
       "      <th></th>\n",
       "      <th>date</th>\n",
       "      <th>heading</th>\n",
       "      <th>content</th>\n",
       "    </tr>\n",
       "  </thead>\n",
       "  <tbody>\n",
       "    <tr>\n",
       "      <th>0</th>\n",
       "      <td>2017-11-09</td>\n",
       "      <td>WALL STREET JOURNAL-BEST SELLERS</td>\n",
       "      <td>Best-Selling Books Week Ended November 5.FICTI...</td>\n",
       "    </tr>\n",
       "    <tr>\n",
       "      <th>1</th>\n",
       "      <td>2017-11-09</td>\n",
       "      <td>USA TODAY BEST-SELLERS</td>\n",
       "      <td>InPackage:ENTHD PENTHD; ap_fixture:Books Best ...</td>\n",
       "    </tr>\n",
       "    <tr>\n",
       "      <th>2</th>\n",
       "      <td>2017-11-09</td>\n",
       "      <td>Kindle with your kale? Amazon to open shops in...</td>\n",
       "      <td>NEW YORK  You may see more of Amazon inside W...</td>\n",
       "    </tr>\n",
       "  </tbody>\n",
       "</table>\n",
       "</div>"
      ],
      "text/plain": [
       "        date                                            heading  \\\n",
       "0 2017-11-09                   WALL STREET JOURNAL-BEST SELLERS   \n",
       "1 2017-11-09                             USA TODAY BEST-SELLERS   \n",
       "2 2017-11-09  Kindle with your kale? Amazon to open shops in...   \n",
       "\n",
       "                                             content  \n",
       "0  Best-Selling Books Week Ended November 5.FICTI...  \n",
       "1  InPackage:ENTHD PENTHD; ap_fixture:Books Best ...  \n",
       "2  NEW YORK  You may see more of Amazon inside W...  "
      ]
     },
     "execution_count": 8,
     "metadata": {},
     "output_type": "execute_result"
    }
   ],
   "source": [
    "after_data = pd.read_sql_query('SELECT date,heading,content FROM news_article WHERE date>\\'2013-08-15 00:00:00\\'', engine)\n",
    "after_data.head(3)"
   ]
  },
  {
   "cell_type": "markdown",
   "metadata": {},
   "source": [
    "## Data Cleaning: Drop out the dates with no articles"
   ]
  },
  {
   "cell_type": "code",
   "execution_count": 9,
   "metadata": {
    "collapsed": false
   },
   "outputs": [],
   "source": [
    "before_data.dropna(subset=['content'], inplace=True)\n",
    "after_data.dropna(subset=['content'], inplace=True)"
   ]
  },
  {
   "cell_type": "code",
   "execution_count": 10,
   "metadata": {
    "collapsed": true
   },
   "outputs": [],
   "source": [
    "before_dates= before_data[['date']].values\n",
    "after_dates= after_data[['date']].values"
   ]
  },
  {
   "cell_type": "code",
   "execution_count": 11,
   "metadata": {
    "collapsed": false
   },
   "outputs": [
    {
     "name": "stdout",
     "output_type": "stream",
     "text": [
      "5944\n"
     ]
    }
   ],
   "source": [
    "print(len(before_dates)+len(after_dates))"
   ]
  },
  {
   "cell_type": "code",
   "execution_count": 12,
   "metadata": {
    "collapsed": true
   },
   "outputs": [],
   "source": [
    "before_articles= before_data[['content']].values\n",
    "after_articles= after_data[['content']].values\n",
    "before_sia = SIA()\n",
    "after_sia= SIA()\n",
    "before_pos = []\n",
    "after_neg = []"
   ]
  },
  {
   "cell_type": "code",
   "execution_count": 13,
   "metadata": {
    "collapsed": false
   },
   "outputs": [
    {
     "name": "stdout",
     "output_type": "stream",
     "text": [
      "5944\n"
     ]
    }
   ],
   "source": [
    "print(len(before_articles)+len(after_articles))"
   ]
  },
  {
   "cell_type": "code",
   "execution_count": 14,
   "metadata": {
    "collapsed": false
   },
   "outputs": [
    {
     "data": {
      "text/plain": [
       "nltk.sentiment.vader.SentimentIntensityAnalyzer"
      ]
     },
     "execution_count": 14,
     "metadata": {},
     "output_type": "execute_result"
    }
   ],
   "source": [
    "type(after_sia)"
   ]
  },
  {
   "cell_type": "code",
   "execution_count": 17,
   "metadata": {
    "collapsed": true
   },
   "outputs": [],
   "source": [
    "#return positive and negative Dictionary\n",
    "def SIAValue(articles,sia):\n",
    "    pos_list=[]\n",
    "    neg_list=[]\n",
    "    sia_res=[]\n",
    "    for article in articles:\n",
    "        res= sia.polarity_scores(article[0])\n",
    "        sia_res.append(res)\n",
    "        if res['compound'] > 0.2:\n",
    "                pos_list.append([article[0],res])\n",
    "        elif res['compound'] < -0.2:\n",
    "            neg_list.append([article[0],res])\n",
    "    return pos_list, neg_list, sia_res"
   ]
  },
  {
   "cell_type": "code",
   "execution_count": 18,
   "metadata": {
    "collapsed": false
   },
   "outputs": [],
   "source": [
    "before_pos, before_neg, before_sia_res= SIAValue(before_articles,before_sia)\n",
    "after_pos, after_neg, after_sia_res= SIAValue(after_articles,after_sia)"
   ]
  },
  {
   "cell_type": "code",
   "execution_count": 19,
   "metadata": {
    "collapsed": false
   },
   "outputs": [],
   "source": [
    "def totalSpecialValue(list, criterien):\n",
    "    totalValue=0\n",
    "    for i in range(len(list)):\n",
    "        totalValue += list[i][1][criterien]\n",
    "    return totalValue"
   ]
  },
  {
   "cell_type": "code",
   "execution_count": 20,
   "metadata": {
    "collapsed": false
   },
   "outputs": [],
   "source": [
    "beforeAvgCompound= (totalSpecialValue(before_pos,'compound')+totalSpecialValue(before_neg,'compound'))/(len(before_pos)+len(before_neg))\n",
    "afterAvgCompound= (totalSpecialValue(after_pos,'compound')+totalSpecialValue(after_neg,'compound'))/(len(after_pos)+len(after_neg))"
   ]
  },
  {
   "cell_type": "code",
   "execution_count": 21,
   "metadata": {
    "collapsed": false
   },
   "outputs": [
    {
     "name": "stdout",
     "output_type": "stream",
     "text": [
      "0.6949031401748113\n",
      "0.6738245766391654\n"
     ]
    }
   ],
   "source": [
    "print(beforeAvgCompound)\n",
    "print(afterAvgCompound)"
   ]
  },
  {
   "cell_type": "code",
   "execution_count": 22,
   "metadata": {
    "collapsed": true
   },
   "outputs": [],
   "source": [
    "beforeAvgNeu= (totalSpecialValue(before_pos,'neu')+totalSpecialValue(before_neg,'neu'))/(len(before_pos)+len(before_neg))\n",
    "afterAvgNeu= (totalSpecialValue(after_pos,'neu')+totalSpecialValue(after_neg,'neu'))/(len(after_pos)+len(after_neg))"
   ]
  },
  {
   "cell_type": "code",
   "execution_count": 23,
   "metadata": {
    "collapsed": false
   },
   "outputs": [
    {
     "name": "stdout",
     "output_type": "stream",
     "text": [
      "0.861212042732276\n",
      "0.8535284411637011\n"
     ]
    }
   ],
   "source": [
    "print(beforeAvgNeu)\n",
    "print(afterAvgNeu)"
   ]
  },
  {
   "cell_type": "code",
   "execution_count": 24,
   "metadata": {
    "collapsed": true
   },
   "outputs": [],
   "source": [
    "beforeAvgPos= (totalSpecialValue(before_pos,'pos')+totalSpecialValue(before_neg,'pos'))/(len(before_pos)+len(before_neg))\n",
    "afterAvgPos= (totalSpecialValue(after_pos,'pos')+totalSpecialValue(after_neg,'pos'))/(len(after_pos)+len(after_neg))"
   ]
  },
  {
   "cell_type": "code",
   "execution_count": 25,
   "metadata": {
    "collapsed": false
   },
   "outputs": [
    {
     "name": "stdout",
     "output_type": "stream",
     "text": [
      "0.09680738102945945\n",
      "0.09762136343899275\n"
     ]
    }
   ],
   "source": [
    "print(beforeAvgPos)\n",
    "print(afterAvgPos)"
   ]
  },
  {
   "cell_type": "code",
   "execution_count": 26,
   "metadata": {
    "collapsed": false
   },
   "outputs": [],
   "source": [
    "beforeAvgNeg= (totalSpecialValue(before_pos,'neg')+totalSpecialValue(before_neg,'neg'))/(len(before_pos)+len(before_neg))\n",
    "afterAvgNeg =(totalSpecialValue(after_pos,'neg')+totalSpecialValue(after_neg,'neg'))/(len(after_pos)+len(after_neg))"
   ]
  },
  {
   "cell_type": "code",
   "execution_count": 27,
   "metadata": {
    "collapsed": false
   },
   "outputs": [
    {
     "name": "stdout",
     "output_type": "stream",
     "text": [
      "0.041990288119132635\n",
      "0.04886235345201919\n"
     ]
    }
   ],
   "source": [
    "print(beforeAvgNeg)\n",
    "print(afterAvgNeg)"
   ]
  },
  {
   "cell_type": "markdown",
   "metadata": {
    "collapsed": true
   },
   "source": [
    "## Sentiment Analysis over time"
   ]
  },
  {
   "cell_type": "code",
   "execution_count": 28,
   "metadata": {
    "collapsed": false
   },
   "outputs": [],
   "source": [
    "%matplotlib inline\n",
    "from matplotlib import pyplot as plt"
   ]
  },
  {
   "cell_type": "code",
   "execution_count": 29,
   "metadata": {
    "collapsed": false
   },
   "outputs": [
    {
     "data": {
      "text/plain": [
       "[{'compound': -0.9616, 'neg': 0.101, 'neu': 0.821, 'pos': 0.078},\n",
       " {'compound': 0.9994, 'neg': 0.032, 'neu': 0.832, 'pos': 0.136},\n",
       " {'compound': 0.9966, 'neg': 0.055, 'neu': 0.838, 'pos': 0.107},\n",
       " {'compound': 0.9934, 'neg': 0.058, 'neu': 0.832, 'pos': 0.11},\n",
       " {'compound': 0.9964, 'neg': 0.072, 'neu': 0.801, 'pos': 0.127},\n",
       " {'compound': 0.9975, 'neg': 0.046, 'neu': 0.803, 'pos': 0.151},\n",
       " {'compound': 0.9994, 'neg': 0.048, 'neu': 0.742, 'pos': 0.21},\n",
       " {'compound': 0.9872, 'neg': 0.004, 'neu': 0.902, 'pos': 0.094},\n",
       " {'compound': 0.9886, 'neg': 0.043, 'neu': 0.864, 'pos': 0.093},\n",
       " {'compound': 0.9955, 'neg': 0.059, 'neu': 0.821, 'pos': 0.12},\n",
       " {'compound': 0.9904, 'neg': 0.055, 'neu': 0.84, 'pos': 0.106},\n",
       " {'compound': 0.9907, 'neg': 0.033, 'neu': 0.824, 'pos': 0.143},\n",
       " {'compound': 0.9988, 'neg': 0.013, 'neu': 0.871, 'pos': 0.116},\n",
       " {'compound': 0.9974, 'neg': 0.043, 'neu': 0.841, 'pos': 0.115},\n",
       " {'compound': 0.9994, 'neg': 0.057, 'neu': 0.793, 'pos': 0.15},\n",
       " {'compound': 0.9993, 'neg': 0.025, 'neu': 0.817, 'pos': 0.158},\n",
       " {'compound': 0.9999, 'neg': 0.046, 'neu': 0.818, 'pos': 0.136},\n",
       " {'compound': 0.9974, 'neg': 0.048, 'neu': 0.835, 'pos': 0.117},\n",
       " {'compound': 0.9987, 'neg': 0.031, 'neu': 0.78, 'pos': 0.189},\n",
       " {'compound': 0.9944, 'neg': 0.068, 'neu': 0.843, 'pos': 0.089},\n",
       " {'compound': 0.9989, 'neg': 0.048, 'neu': 0.82, 'pos': 0.132},\n",
       " {'compound': 0.9992, 'neg': 0.037, 'neu': 0.86, 'pos': 0.102},\n",
       " {'compound': 0.9997, 'neg': 0.047, 'neu': 0.839, 'pos': 0.114},\n",
       " {'compound': 0.9983, 'neg': 0.031, 'neu': 0.857, 'pos': 0.111},\n",
       " {'compound': 0.9899, 'neg': 0.019, 'neu': 0.909, 'pos': 0.072},\n",
       " {'compound': 0.9984, 'neg': 0.029, 'neu': 0.878, 'pos': 0.094},\n",
       " {'compound': 0.9694, 'neg': 0.029, 'neu': 0.894, 'pos': 0.077},\n",
       " {'compound': 0.9998, 'neg': 0.022, 'neu': 0.806, 'pos': 0.172},\n",
       " {'compound': 0.9914, 'neg': 0.017, 'neu': 0.898, 'pos': 0.085},\n",
       " {'compound': 0.9992, 'neg': 0.037, 'neu': 0.86, 'pos': 0.102},\n",
       " {'compound': 0.9957, 'neg': 0.037, 'neu': 0.847, 'pos': 0.117},\n",
       " {'compound': 0.9989, 'neg': 0.018, 'neu': 0.901, 'pos': 0.081},\n",
       " {'compound': 0.9962, 'neg': 0.05, 'neu': 0.819, 'pos': 0.13},\n",
       " {'compound': 0.999, 'neg': 0.051, 'neu': 0.774, 'pos': 0.175},\n",
       " {'compound': 0.9961, 'neg': 0.057, 'neu': 0.847, 'pos': 0.096},\n",
       " {'compound': 0.9991, 'neg': 0.066, 'neu': 0.727, 'pos': 0.208},\n",
       " {'compound': 0.9997, 'neg': 0.039, 'neu': 0.82, 'pos': 0.141},\n",
       " {'compound': 0.9991, 'neg': 0.035, 'neu': 0.823, 'pos': 0.142},\n",
       " {'compound': 0.9985, 'neg': 0.041, 'neu': 0.837, 'pos': 0.122},\n",
       " {'compound': 0.9991, 'neg': 0.019, 'neu': 0.853, 'pos': 0.128},\n",
       " {'compound': 0.9492, 'neg': 0.018, 'neu': 0.94, 'pos': 0.042},\n",
       " {'compound': 0.9179, 'neg': 0.089, 'neu': 0.801, 'pos': 0.11},\n",
       " {'compound': 0.9592, 'neg': 0.047, 'neu': 0.869, 'pos': 0.085},\n",
       " {'compound': 0.9778, 'neg': 0.029, 'neu': 0.855, 'pos': 0.116},\n",
       " {'compound': -0.895, 'neg': 0.084, 'neu': 0.847, 'pos': 0.069},\n",
       " {'compound': 0.9684, 'neg': 0.025, 'neu': 0.902, 'pos': 0.073},\n",
       " {'compound': 0.963, 'neg': 0.044, 'neu': 0.885, 'pos': 0.071},\n",
       " {'compound': 0.9766, 'neg': 0.077, 'neu': 0.81, 'pos': 0.112},\n",
       " {'compound': 0.9947, 'neg': 0.057, 'neu': 0.828, 'pos': 0.115},\n",
       " {'compound': -0.8568, 'neg': 0.07, 'neu': 0.872, 'pos': 0.058},\n",
       " {'compound': -0.0387, 'neg': 0.071, 'neu': 0.856, 'pos': 0.074},\n",
       " {'compound': 0.9871, 'neg': 0.01, 'neu': 0.919, 'pos': 0.071},\n",
       " {'compound': 0.5287, 'neg': 0.065, 'neu': 0.858, 'pos': 0.077},\n",
       " {'compound': 0.9953, 'neg': 0.087, 'neu': 0.758, 'pos': 0.156},\n",
       " {'compound': 0.9502, 'neg': 0.058, 'neu': 0.869, 'pos': 0.073},\n",
       " {'compound': 0.8873, 'neg': 0.019, 'neu': 0.922, 'pos': 0.059},\n",
       " {'compound': 0.9957, 'neg': 0.01, 'neu': 0.851, 'pos': 0.139},\n",
       " {'compound': 0.0, 'neg': 0.0, 'neu': 0.0, 'pos': 0.0},\n",
       " {'compound': 0.9989, 'neg': 0.014, 'neu': 0.812, 'pos': 0.174},\n",
       " {'compound': 0.7361, 'neg': 0.08, 'neu': 0.806, 'pos': 0.115},\n",
       " {'compound': 0.9977, 'neg': 0.045, 'neu': 0.749, 'pos': 0.206},\n",
       " {'compound': 0.9777, 'neg': 0.008, 'neu': 0.917, 'pos': 0.075},\n",
       " {'compound': 0.9943, 'neg': 0.016, 'neu': 0.848, 'pos': 0.137},\n",
       " {'compound': -0.9935, 'neg': 0.131, 'neu': 0.781, 'pos': 0.088},\n",
       " {'compound': 0.9953, 'neg': 0.015, 'neu': 0.897, 'pos': 0.088},\n",
       " {'compound': 0.9615, 'neg': 0.008, 'neu': 0.935, 'pos': 0.057},\n",
       " {'compound': 0.9975, 'neg': 0.039, 'neu': 0.842, 'pos': 0.119},\n",
       " {'compound': 0.9786, 'neg': 0.037, 'neu': 0.887, 'pos': 0.076},\n",
       " {'compound': 0.9537, 'neg': 0.06, 'neu': 0.849, 'pos': 0.092},\n",
       " {'compound': 0.9919, 'neg': 0.029, 'neu': 0.817, 'pos': 0.154},\n",
       " {'compound': 0.9655, 'neg': 0.096, 'neu': 0.791, 'pos': 0.113},\n",
       " {'compound': 0.9985, 'neg': 0.032, 'neu': 0.845, 'pos': 0.123},\n",
       " {'compound': -0.1431, 'neg': 0.072, 'neu': 0.846, 'pos': 0.083},\n",
       " {'compound': 0.9993, 'neg': 0.015, 'neu': 0.86, 'pos': 0.124},\n",
       " {'compound': 0.0, 'neg': 0.0, 'neu': 0.0, 'pos': 0.0},\n",
       " {'compound': -0.8689, 'neg': 0.087, 'neu': 0.84, 'pos': 0.073},\n",
       " {'compound': 0.9917, 'neg': 0.004, 'neu': 0.858, 'pos': 0.138},\n",
       " {'compound': 0.9802, 'neg': 0.005, 'neu': 0.905, 'pos': 0.09},\n",
       " {'compound': 0.991, 'neg': 0.045, 'neu': 0.851, 'pos': 0.104},\n",
       " {'compound': -0.8364, 'neg': 0.08, 'neu': 0.877, 'pos': 0.044},\n",
       " {'compound': 0.9991, 'neg': 0.012, 'neu': 0.906, 'pos': 0.082},\n",
       " {'compound': 0.9966, 'neg': 0.032, 'neu': 0.871, 'pos': 0.096},\n",
       " {'compound': 0.8807, 'neg': 0.029, 'neu': 0.899, 'pos': 0.072},\n",
       " {'compound': 0.9896, 'neg': 0.032, 'neu': 0.858, 'pos': 0.11},\n",
       " {'compound': 0.9565, 'neg': 0.037, 'neu': 0.903, 'pos': 0.06},\n",
       " {'compound': 0.9879, 'neg': 0.026, 'neu': 0.907, 'pos': 0.067},\n",
       " {'compound': 0.9818, 'neg': 0.013, 'neu': 0.918, 'pos': 0.069},\n",
       " {'compound': 0.7136, 'neg': 0.038, 'neu': 0.912, 'pos': 0.051},\n",
       " {'compound': 0.6428, 'neg': 0.065, 'neu': 0.843, 'pos': 0.091},\n",
       " {'compound': 0.9909, 'neg': 0.04, 'neu': 0.745, 'pos': 0.215},\n",
       " {'compound': -0.7601, 'neg': 0.084, 'neu': 0.83, 'pos': 0.087},\n",
       " {'compound': 0.9918, 'neg': 0.038, 'neu': 0.889, 'pos': 0.073},\n",
       " {'compound': 0.0, 'neg': 0.0, 'neu': 0.0, 'pos': 0.0},\n",
       " {'compound': 0.9933, 'neg': 0.027, 'neu': 0.821, 'pos': 0.152},\n",
       " {'compound': 0.9217, 'neg': 0.073, 'neu': 0.828, 'pos': 0.099},\n",
       " {'compound': 0.9978, 'neg': 0.053, 'neu': 0.801, 'pos': 0.146},\n",
       " {'compound': 0.9845, 'neg': 0.04, 'neu': 0.876, 'pos': 0.084},\n",
       " {'compound': 0.7255, 'neg': 0.089, 'neu': 0.807, 'pos': 0.104},\n",
       " {'compound': 0.0, 'neg': 0.0, 'neu': 0.0, 'pos': 0.0},\n",
       " {'compound': 0.9766, 'neg': 0.047, 'neu': 0.848, 'pos': 0.105},\n",
       " {'compound': 0.9986, 'neg': 0.083, 'neu': 0.776, 'pos': 0.142},\n",
       " {'compound': 0.0, 'neg': 0.0, 'neu': 0.0, 'pos': 0.0},\n",
       " {'compound': 0.9941, 'neg': 0.035, 'neu': 0.872, 'pos': 0.093},\n",
       " {'compound': -0.7, 'neg': 0.072, 'neu': 0.843, 'pos': 0.085},\n",
       " {'compound': 0.9973, 'neg': 0.047, 'neu': 0.853, 'pos': 0.101},\n",
       " {'compound': -0.5621, 'neg': 0.068, 'neu': 0.871, 'pos': 0.06},\n",
       " {'compound': -0.9881, 'neg': 0.087, 'neu': 0.864, 'pos': 0.048},\n",
       " {'compound': 0.9919, 'neg': 0.055, 'neu': 0.799, 'pos': 0.146},\n",
       " {'compound': 0.9949, 'neg': 0.006, 'neu': 0.912, 'pos': 0.082},\n",
       " {'compound': 0.9858, 'neg': 0.006, 'neu': 0.934, 'pos': 0.061},\n",
       " {'compound': 0.9997, 'neg': 0.013, 'neu': 0.885, 'pos': 0.102},\n",
       " {'compound': 0.7045, 'neg': 0.05, 'neu': 0.891, 'pos': 0.058},\n",
       " {'compound': 0.994, 'neg': 0.072, 'neu': 0.822, 'pos': 0.107},\n",
       " {'compound': -0.9994, 'neg': 0.096, 'neu': 0.833, 'pos': 0.071},\n",
       " {'compound': -0.8388, 'neg': 0.069, 'neu': 0.87, 'pos': 0.06},\n",
       " {'compound': 0.7217, 'neg': 0.047, 'neu': 0.886, 'pos': 0.067},\n",
       " {'compound': 0.0, 'neg': 0.0, 'neu': 0.0, 'pos': 0.0},\n",
       " {'compound': 0.714, 'neg': 0.0, 'neu': 0.927, 'pos': 0.073},\n",
       " {'compound': 0.989, 'neg': 0.072, 'neu': 0.814, 'pos': 0.114},\n",
       " {'compound': 0.9825, 'neg': 0.003, 'neu': 0.908, 'pos': 0.088},\n",
       " {'compound': 0.9995, 'neg': 0.014, 'neu': 0.878, 'pos': 0.108},\n",
       " {'compound': 0.9905, 'neg': 0.025, 'neu': 0.848, 'pos': 0.127},\n",
       " {'compound': -0.9274, 'neg': 0.083, 'neu': 0.872, 'pos': 0.046},\n",
       " {'compound': 0.9753, 'neg': 0.008, 'neu': 0.911, 'pos': 0.082},\n",
       " {'compound': 0.9883, 'neg': 0.042, 'neu': 0.867, 'pos': 0.091},\n",
       " {'compound': 0.9796, 'neg': 0.022, 'neu': 0.861, 'pos': 0.117},\n",
       " {'compound': 0.9551, 'neg': 0.035, 'neu': 0.874, 'pos': 0.091},\n",
       " {'compound': 0.9946, 'neg': 0.066, 'neu': 0.817, 'pos': 0.117},\n",
       " {'compound': -0.624, 'neg': 0.052, 'neu': 0.898, 'pos': 0.049},\n",
       " {'compound': 0.9927, 'neg': 0.024, 'neu': 0.87, 'pos': 0.106},\n",
       " {'compound': 0.9946, 'neg': 0.015, 'neu': 0.894, 'pos': 0.091},\n",
       " {'compound': 0.8437, 'neg': 0.051, 'neu': 0.884, 'pos': 0.065},\n",
       " {'compound': 0.9994, 'neg': 0.009, 'neu': 0.895, 'pos': 0.096},\n",
       " {'compound': -0.9922, 'neg': 0.104, 'neu': 0.829, 'pos': 0.067},\n",
       " {'compound': 0.9262, 'neg': 0.031, 'neu': 0.894, 'pos': 0.076},\n",
       " {'compound': 0.9925, 'neg': 0.031, 'neu': 0.863, 'pos': 0.105},\n",
       " {'compound': 0.9907, 'neg': 0.08, 'neu': 0.775, 'pos': 0.145},\n",
       " {'compound': 0.9893, 'neg': 0.025, 'neu': 0.879, 'pos': 0.095},\n",
       " {'compound': 0.9956, 'neg': 0.051, 'neu': 0.828, 'pos': 0.121},\n",
       " {'compound': 0.9894, 'neg': 0.01, 'neu': 0.91, 'pos': 0.081},\n",
       " {'compound': -0.2249, 'neg': 0.085, 'neu': 0.833, 'pos': 0.082},\n",
       " {'compound': 0.0, 'neg': 0.0, 'neu': 0.0, 'pos': 0.0},\n",
       " {'compound': 0.5654, 'neg': 0.069, 'neu': 0.861, 'pos': 0.07},\n",
       " {'compound': 0.9994, 'neg': 0.014, 'neu': 0.893, 'pos': 0.093},\n",
       " {'compound': 0.0, 'neg': 0.0, 'neu': 0.0, 'pos': 0.0},\n",
       " {'compound': -0.0961, 'neg': 0.053, 'neu': 0.891, 'pos': 0.056},\n",
       " {'compound': 0.9852, 'neg': 0.003, 'neu': 0.918, 'pos': 0.079},\n",
       " {'compound': 0.0, 'neg': 0.0, 'neu': 0.0, 'pos': 0.0},\n",
       " {'compound': 0.9952, 'neg': 0.032, 'neu': 0.866, 'pos': 0.102},\n",
       " {'compound': 0.9783, 'neg': 0.016, 'neu': 0.881, 'pos': 0.103},\n",
       " {'compound': 0.8532, 'neg': 0.047, 'neu': 0.877, 'pos': 0.076},\n",
       " {'compound': 0.9646, 'neg': 0.023, 'neu': 0.843, 'pos': 0.133},\n",
       " {'compound': 0.6829, 'neg': 0.085, 'neu': 0.823, 'pos': 0.092},\n",
       " {'compound': 0.9925, 'neg': 0.043, 'neu': 0.867, 'pos': 0.09},\n",
       " {'compound': 0.9349, 'neg': 0.034, 'neu': 0.911, 'pos': 0.056},\n",
       " {'compound': 0.9139, 'neg': 0.085, 'neu': 0.817, 'pos': 0.098},\n",
       " {'compound': 0.9927, 'neg': 0.028, 'neu': 0.859, 'pos': 0.113},\n",
       " {'compound': 0.9757, 'neg': 0.0, 'neu': 0.892, 'pos': 0.108},\n",
       " {'compound': 0.8611, 'neg': 0.026, 'neu': 0.92, 'pos': 0.054},\n",
       " {'compound': 0.9978, 'neg': 0.02, 'neu': 0.873, 'pos': 0.107},\n",
       " {'compound': 0.9917, 'neg': 0.045, 'neu': 0.882, 'pos': 0.073},\n",
       " {'compound': 0.0, 'neg': 0.0, 'neu': 0.0, 'pos': 0.0},\n",
       " {'compound': 0.996, 'neg': 0.034, 'neu': 0.866, 'pos': 0.1},\n",
       " {'compound': 0.9839, 'neg': 0.008, 'neu': 0.922, 'pos': 0.07},\n",
       " {'compound': 0.9978, 'neg': 0.047, 'neu': 0.826, 'pos': 0.127},\n",
       " {'compound': 0.0, 'neg': 0.0, 'neu': 0.0, 'pos': 0.0},\n",
       " {'compound': 0.9887, 'neg': 0.029, 'neu': 0.866, 'pos': 0.105},\n",
       " {'compound': 0.9996, 'neg': 0.011, 'neu': 0.887, 'pos': 0.102},\n",
       " {'compound': 0.9992, 'neg': 0.007, 'neu': 0.896, 'pos': 0.097},\n",
       " {'compound': -0.773, 'neg': 0.087, 'neu': 0.834, 'pos': 0.08},\n",
       " {'compound': 0.9698, 'neg': 0.011, 'neu': 0.893, 'pos': 0.096},\n",
       " {'compound': 0.9928, 'neg': 0.006, 'neu': 0.859, 'pos': 0.135},\n",
       " {'compound': 0.9965, 'neg': 0.004, 'neu': 0.898, 'pos': 0.098},\n",
       " {'compound': 0.9915, 'neg': 0.006, 'neu': 0.881, 'pos': 0.113},\n",
       " {'compound': 0.9866, 'neg': 0.029, 'neu': 0.884, 'pos': 0.086},\n",
       " {'compound': 0.9971, 'neg': 0.036, 'neu': 0.832, 'pos': 0.132},\n",
       " {'compound': 0.9943, 'neg': 0.004, 'neu': 0.858, 'pos': 0.138},\n",
       " {'compound': 0.9234, 'neg': 0.07, 'neu': 0.847, 'pos': 0.083},\n",
       " {'compound': -0.9273, 'neg': 0.11, 'neu': 0.787, 'pos': 0.103},\n",
       " {'compound': 0.974, 'neg': 0.06, 'neu': 0.852, 'pos': 0.088},\n",
       " {'compound': 0.9672, 'neg': 0.036, 'neu': 0.866, 'pos': 0.099},\n",
       " {'compound': 0.9714, 'neg': 0.052, 'neu': 0.865, 'pos': 0.083},\n",
       " {'compound': 0.6444, 'neg': 0.039, 'neu': 0.919, 'pos': 0.043},\n",
       " {'compound': 0.9989, 'neg': 0.017, 'neu': 0.899, 'pos': 0.084},\n",
       " {'compound': 0.9899, 'neg': 0.061, 'neu': 0.824, 'pos': 0.115},\n",
       " {'compound': 0.0, 'neg': 0.0, 'neu': 0.0, 'pos': 0.0},\n",
       " {'compound': 0.9109, 'neg': 0.026, 'neu': 0.916, 'pos': 0.058},\n",
       " {'compound': 0.9692, 'neg': 0.012, 'neu': 0.883, 'pos': 0.105},\n",
       " {'compound': 0.9933, 'neg': 0.018, 'neu': 0.858, 'pos': 0.124},\n",
       " {'compound': 0.9639, 'neg': 0.064, 'neu': 0.861, 'pos': 0.075},\n",
       " {'compound': 0.9989, 'neg': 0.022, 'neu': 0.896, 'pos': 0.082},\n",
       " {'compound': 0.9964, 'neg': 0.012, 'neu': 0.873, 'pos': 0.115},\n",
       " {'compound': 0.9791, 'neg': 0.03, 'neu': 0.876, 'pos': 0.095},\n",
       " {'compound': 0.9961, 'neg': 0.015, 'neu': 0.884, 'pos': 0.101},\n",
       " {'compound': -0.2615, 'neg': 0.044, 'neu': 0.906, 'pos': 0.05},\n",
       " {'compound': 0.9882, 'neg': 0.037, 'neu': 0.891, 'pos': 0.072},\n",
       " {'compound': 0.9903, 'neg': 0.016, 'neu': 0.855, 'pos': 0.129},\n",
       " {'compound': 0.9837, 'neg': 0.026, 'neu': 0.877, 'pos': 0.097},\n",
       " {'compound': 0.99, 'neg': 0.014, 'neu': 0.899, 'pos': 0.086},\n",
       " {'compound': 0.9914, 'neg': 0.066, 'neu': 0.816, 'pos': 0.118},\n",
       " {'compound': 0.9406, 'neg': 0.078, 'neu': 0.828, 'pos': 0.094},\n",
       " {'compound': 0.9334, 'neg': 0.037, 'neu': 0.899, 'pos': 0.064},\n",
       " {'compound': 0.9994, 'neg': 0.013, 'neu': 0.887, 'pos': 0.1},\n",
       " {'compound': -0.2904, 'neg': 0.063, 'neu': 0.868, 'pos': 0.069},\n",
       " {'compound': -0.88, 'neg': 0.107, 'neu': 0.848, 'pos': 0.045},\n",
       " {'compound': 0.9052, 'neg': 0.083, 'neu': 0.82, 'pos': 0.096},\n",
       " {'compound': 0.9961, 'neg': 0.022, 'neu': 0.859, 'pos': 0.119},\n",
       " {'compound': 0.8683, 'neg': 0.083, 'neu': 0.819, 'pos': 0.098},\n",
       " {'compound': 0.9869, 'neg': 0.03, 'neu': 0.884, 'pos': 0.086},\n",
       " {'compound': 0.995, 'neg': 0.057, 'neu': 0.828, 'pos': 0.115},\n",
       " {'compound': -0.8042, 'neg': 0.104, 'neu': 0.834, 'pos': 0.062},\n",
       " {'compound': 0.6655, 'neg': 0.071, 'neu': 0.844, 'pos': 0.085},\n",
       " {'compound': 0.0, 'neg': 0.0, 'neu': 0.0, 'pos': 0.0},\n",
       " {'compound': -0.9984, 'neg': 0.166, 'neu': 0.727, 'pos': 0.106},\n",
       " {'compound': 0.9741, 'neg': 0.036, 'neu': 0.889, 'pos': 0.075},\n",
       " {'compound': 0.9984, 'neg': 0.057, 'neu': 0.805, 'pos': 0.138},\n",
       " {'compound': 0.9445, 'neg': 0.028, 'neu': 0.906, 'pos': 0.066},\n",
       " {'compound': -0.3903, 'neg': 0.044, 'neu': 0.921, 'pos': 0.035},\n",
       " {'compound': 0.0, 'neg': 0.0, 'neu': 0.0, 'pos': 0.0},\n",
       " {'compound': 0.0, 'neg': 0.0, 'neu': 0.0, 'pos': 0.0},\n",
       " {'compound': 0.0, 'neg': 0.0, 'neu': 0.0, 'pos': 0.0},\n",
       " {'compound': 0.6174, 'neg': 0.07, 'neu': 0.851, 'pos': 0.079},\n",
       " {'compound': 0.6486, 'neg': 0.0, 'neu': 0.962, 'pos': 0.038},\n",
       " {'compound': 0.9597, 'neg': 0.102, 'neu': 0.767, 'pos': 0.131},\n",
       " {'compound': 0.9829, 'neg': 0.045, 'neu': 0.871, 'pos': 0.084},\n",
       " {'compound': 0.9584, 'neg': 0.02, 'neu': 0.879, 'pos': 0.102},\n",
       " {'compound': 0.9618, 'neg': 0.053, 'neu': 0.846, 'pos': 0.102},\n",
       " {'compound': 0.9998, 'neg': 0.028, 'neu': 0.864, 'pos': 0.108},\n",
       " {'compound': 0.9979, 'neg': 0.03, 'neu': 0.822, 'pos': 0.147},\n",
       " {'compound': -0.2854, 'neg': 0.079, 'neu': 0.835, 'pos': 0.085},\n",
       " {'compound': -0.7783, 'neg': 0.08, 'neu': 0.849, 'pos': 0.072},\n",
       " {'compound': 0.9993, 'neg': 0.021, 'neu': 0.868, 'pos': 0.111},\n",
       " {'compound': -0.2977, 'neg': 0.055, 'neu': 0.887, 'pos': 0.057},\n",
       " {'compound': 0.9943, 'neg': 0.022, 'neu': 0.854, 'pos': 0.124},\n",
       " {'compound': 0.9582, 'neg': 0.033, 'neu': 0.891, 'pos': 0.075},\n",
       " {'compound': 0.997, 'neg': 0.009, 'neu': 0.769, 'pos': 0.222},\n",
       " {'compound': 0.5396, 'neg': 0.035, 'neu': 0.913, 'pos': 0.052},\n",
       " {'compound': 0.0, 'neg': 0.0, 'neu': 0.0, 'pos': 0.0},\n",
       " {'compound': 0.9997, 'neg': 0.017, 'neu': 0.897, 'pos': 0.086},\n",
       " {'compound': 0.9925, 'neg': 0.02, 'neu': 0.898, 'pos': 0.083},\n",
       " {'compound': -0.8181, 'neg': 0.081, 'neu': 0.853, 'pos': 0.066},\n",
       " {'compound': 0.9808, 'neg': 0.039, 'neu': 0.89, 'pos': 0.071},\n",
       " {'compound': 0.9896, 'neg': 0.019, 'neu': 0.826, 'pos': 0.155},\n",
       " {'compound': -0.982, 'neg': 0.087, 'neu': 0.845, 'pos': 0.068},\n",
       " {'compound': 0.995, 'neg': 0.089, 'neu': 0.758, 'pos': 0.153},\n",
       " {'compound': 0.9994, 'neg': 0.039, 'neu': 0.794, 'pos': 0.167},\n",
       " {'compound': 0.9377, 'neg': 0.008, 'neu': 0.937, 'pos': 0.055},\n",
       " {'compound': 0.9991, 'neg': 0.014, 'neu': 0.882, 'pos': 0.104},\n",
       " {'compound': 0.9996, 'neg': 0.032, 'neu': 0.837, 'pos': 0.13},\n",
       " {'compound': 0.996, 'neg': 0.036, 'neu': 0.881, 'pos': 0.083},\n",
       " {'compound': 0.9769, 'neg': 0.044, 'neu': 0.838, 'pos': 0.118},\n",
       " {'compound': 0.9954, 'neg': 0.039, 'neu': 0.852, 'pos': 0.109},\n",
       " {'compound': 0.9989, 'neg': 0.027, 'neu': 0.846, 'pos': 0.127},\n",
       " {'compound': -0.9942, 'neg': 0.152, 'neu': 0.763, 'pos': 0.086},\n",
       " {'compound': 0.9661, 'neg': 0.022, 'neu': 0.896, 'pos': 0.082},\n",
       " {'compound': 0.9605, 'neg': 0.04, 'neu': 0.891, 'pos': 0.069},\n",
       " {'compound': 0.9326, 'neg': 0.076, 'neu': 0.831, 'pos': 0.093},\n",
       " {'compound': 0.995, 'neg': 0.01, 'neu': 0.849, 'pos': 0.141},\n",
       " {'compound': -0.8408, 'neg': 0.066, 'neu': 0.883, 'pos': 0.051},\n",
       " {'compound': 0.9976, 'neg': 0.068, 'neu': 0.784, 'pos': 0.149},\n",
       " {'compound': 0.7551, 'neg': 0.034, 'neu': 0.902, 'pos': 0.064},\n",
       " {'compound': 0.9465, 'neg': 0.008, 'neu': 0.959, 'pos': 0.034},\n",
       " {'compound': -0.9926, 'neg': 0.113, 'neu': 0.872, 'pos': 0.015},\n",
       " {'compound': 0.9981, 'neg': 0.037, 'neu': 0.869, 'pos': 0.095},\n",
       " {'compound': 0.0, 'neg': 0.0, 'neu': 0.0, 'pos': 0.0},\n",
       " {'compound': -0.9549, 'neg': 0.113, 'neu': 0.795, 'pos': 0.092},\n",
       " {'compound': 0.9952, 'neg': 0.063, 'neu': 0.763, 'pos': 0.174},\n",
       " {'compound': 0.9986, 'neg': 0.011, 'neu': 0.883, 'pos': 0.106},\n",
       " {'compound': 0.9983, 'neg': 0.009, 'neu': 0.907, 'pos': 0.083},\n",
       " {'compound': 0.9989, 'neg': 0.062, 'neu': 0.829, 'pos': 0.109},\n",
       " {'compound': 0.9991, 'neg': 0.057, 'neu': 0.802, 'pos': 0.141},\n",
       " {'compound': 0.9955, 'neg': 0.01, 'neu': 0.846, 'pos': 0.144},\n",
       " {'compound': 0.9871, 'neg': 0.0, 'neu': 0.912, 'pos': 0.088},\n",
       " {'compound': 0.0, 'neg': 0.0, 'neu': 0.0, 'pos': 0.0},\n",
       " {'compound': 0.9978, 'neg': 0.031, 'neu': 0.869, 'pos': 0.1},\n",
       " {'compound': 0.7882, 'neg': 0.017, 'neu': 0.921, 'pos': 0.062},\n",
       " {'compound': 0.9991, 'neg': 0.014, 'neu': 0.896, 'pos': 0.09},\n",
       " {'compound': 0.9859, 'neg': 0.017, 'neu': 0.912, 'pos': 0.071},\n",
       " {'compound': 0.9625, 'neg': 0.044, 'neu': 0.858, 'pos': 0.097},\n",
       " {'compound': 0.7514, 'neg': 0.054, 'neu': 0.88, 'pos': 0.066},\n",
       " {'compound': 0.9848, 'neg': 0.0, 'neu': 0.88, 'pos': 0.12},\n",
       " {'compound': 0.9081, 'neg': 0.0, 'neu': 0.951, 'pos': 0.049},\n",
       " {'compound': 0.991, 'neg': 0.035, 'neu': 0.862, 'pos': 0.103},\n",
       " {'compound': 0.9975, 'neg': 0.015, 'neu': 0.911, 'pos': 0.074},\n",
       " {'compound': 0.0, 'neg': 0.0, 'neu': 0.0, 'pos': 0.0},\n",
       " {'compound': 0.8924, 'neg': 0.046, 'neu': 0.867, 'pos': 0.086},\n",
       " {'compound': 0.9855, 'neg': 0.024, 'neu': 0.85, 'pos': 0.126},\n",
       " {'compound': -0.7977, 'neg': 0.064, 'neu': 0.883, 'pos': 0.053},\n",
       " {'compound': 0.9999, 'neg': 0.013, 'neu': 0.869, 'pos': 0.118},\n",
       " {'compound': 0.9903, 'neg': 0.031, 'neu': 0.821, 'pos': 0.149},\n",
       " {'compound': 0.9937, 'neg': 0.021, 'neu': 0.89, 'pos': 0.089},\n",
       " {'compound': 0.9874, 'neg': 0.035, 'neu': 0.864, 'pos': 0.101},\n",
       " {'compound': 0.9932, 'neg': 0.032, 'neu': 0.876, 'pos': 0.092},\n",
       " {'compound': 0.9906, 'neg': 0.039, 'neu': 0.884, 'pos': 0.076},\n",
       " {'compound': -0.9906, 'neg': 0.104, 'neu': 0.81, 'pos': 0.086},\n",
       " {'compound': 0.9208, 'neg': 0.029, 'neu': 0.895, 'pos': 0.076},\n",
       " {'compound': 0.9878, 'neg': 0.013, 'neu': 0.896, 'pos': 0.091},\n",
       " {'compound': 0.9343, 'neg': 0.04, 'neu': 0.9, 'pos': 0.06},\n",
       " {'compound': 0.9968, 'neg': 0.024, 'neu': 0.902, 'pos': 0.074},\n",
       " {'compound': 0.9539, 'neg': 0.014, 'neu': 0.944, 'pos': 0.042},\n",
       " {'compound': 0.0, 'neg': 0.0, 'neu': 0.0, 'pos': 0.0},\n",
       " {'compound': 0.9871, 'neg': 0.044, 'neu': 0.847, 'pos': 0.11},\n",
       " {'compound': 0.9913, 'neg': 0.032, 'neu': 0.837, 'pos': 0.131},\n",
       " {'compound': 0.9451, 'neg': 0.011, 'neu': 0.912, 'pos': 0.077},\n",
       " {'compound': 0.9945, 'neg': 0.043, 'neu': 0.857, 'pos': 0.099},\n",
       " {'compound': 0.9337, 'neg': 0.012, 'neu': 0.93, 'pos': 0.059},\n",
       " {'compound': 0.9652, 'neg': 0.03, 'neu': 0.872, 'pos': 0.098},\n",
       " {'compound': 0.9969, 'neg': 0.046, 'neu': 0.852, 'pos': 0.102},\n",
       " {'compound': -0.9938, 'neg': 0.082, 'neu': 0.869, 'pos': 0.049},\n",
       " {'compound': 0.9955, 'neg': 0.039, 'neu': 0.88, 'pos': 0.081},\n",
       " {'compound': 0.0, 'neg': 0.0, 'neu': 0.0, 'pos': 0.0},\n",
       " {'compound': -0.9878, 'neg': 0.093, 'neu': 0.85, 'pos': 0.056},\n",
       " {'compound': 0.9979, 'neg': 0.02, 'neu': 0.892, 'pos': 0.088},\n",
       " {'compound': 0.988, 'neg': 0.014, 'neu': 0.893, 'pos': 0.093},\n",
       " {'compound': 0.9985, 'neg': 0.075, 'neu': 0.819, 'pos': 0.106},\n",
       " {'compound': 0.9872, 'neg': 0.018, 'neu': 0.902, 'pos': 0.08},\n",
       " {'compound': 0.9953, 'neg': 0.019, 'neu': 0.906, 'pos': 0.075},\n",
       " {'compound': 0.9766, 'neg': 0.015, 'neu': 0.915, 'pos': 0.07},\n",
       " {'compound': 0.9393, 'neg': 0.0, 'neu': 0.948, 'pos': 0.052},\n",
       " {'compound': 0.9874, 'neg': 0.014, 'neu': 0.918, 'pos': 0.068},\n",
       " {'compound': -0.8689, 'neg': 0.065, 'neu': 0.877, 'pos': 0.058},\n",
       " {'compound': 0.9947, 'neg': 0.0, 'neu': 0.926, 'pos': 0.074},\n",
       " {'compound': 0.999, 'neg': 0.018, 'neu': 0.882, 'pos': 0.1},\n",
       " {'compound': 0.9979, 'neg': 0.052, 'neu': 0.823, 'pos': 0.124},\n",
       " {'compound': 0.9824, 'neg': 0.028, 'neu': 0.88, 'pos': 0.093},\n",
       " {'compound': 0.9833, 'neg': 0.049, 'neu': 0.836, 'pos': 0.114},\n",
       " {'compound': 0.9545, 'neg': 0.01, 'neu': 0.933, 'pos': 0.056},\n",
       " {'compound': 0.999, 'neg': 0.042, 'neu': 0.838, 'pos': 0.12},\n",
       " {'compound': 0.9879, 'neg': 0.091, 'neu': 0.769, 'pos': 0.14},\n",
       " {'compound': 0.9993, 'neg': 0.009, 'neu': 0.895, 'pos': 0.097},\n",
       " {'compound': 0.9966, 'neg': 0.072, 'neu': 0.804, 'pos': 0.124},\n",
       " {'compound': 0.996, 'neg': 0.029, 'neu': 0.875, 'pos': 0.096},\n",
       " {'compound': 0.9987, 'neg': 0.008, 'neu': 0.901, 'pos': 0.09},\n",
       " {'compound': -0.3242, 'neg': 0.102, 'neu': 0.79, 'pos': 0.107},\n",
       " {'compound': 0.9715, 'neg': 0.027, 'neu': 0.858, 'pos': 0.115},\n",
       " {'compound': -0.9975, 'neg': 0.143, 'neu': 0.799, 'pos': 0.057},\n",
       " {'compound': 0.9999, 'neg': 0.016, 'neu': 0.836, 'pos': 0.148},\n",
       " {'compound': 0.9991, 'neg': 0.02, 'neu': 0.877, 'pos': 0.103},\n",
       " {'compound': 0.9814, 'neg': 0.031, 'neu': 0.91, 'pos': 0.059},\n",
       " {'compound': 0.9983, 'neg': 0.048, 'neu': 0.812, 'pos': 0.139},\n",
       " {'compound': 0.9577, 'neg': 0.056, 'neu': 0.882, 'pos': 0.062},\n",
       " {'compound': 0.9757, 'neg': 0.023, 'neu': 0.814, 'pos': 0.163},\n",
       " {'compound': 0.9786, 'neg': 0.005, 'neu': 0.908, 'pos': 0.087},\n",
